00011011
10011011
00111111
00001000
01111111
01010001
01010101
10011111
11101000
00010000
11001011
10001001
01001010
00001000
01001010
00000100
01001011
10110100
00111010
10000010
00110001
10100011
01010110
10100101
01011100
01001100
11010110
01010011
00110111
11010101
00011110
10111111
10010111
11010001
11101011
11011100
10011101
01111010
11111110
10011010
10000111
01100111
11001011
10001111
11010001
10011001
11001001
10111111
10100001
11110101
10100111
00011001
00111111
11111001
10010100
11001000
10111101
00101111
11011001
10100110
11001101
11001000
11110000
11000000
10010001
11111010
00110000
01111101
01101011
11010111
11001110
00100010
01011000
11110100
10110111
11000000
11000000
00010111
01110011
00111011
01101010
00110101
00000010
01110001
00101000
01101101
00010100
01110011
00111011
01110001
10100001
01101111
10000111
00010011
00110001
01100010
11000011
10010000
10110011
00010000
11101110
11100000
11110110
00110010
10011110
10101100
01001110
10000000
01010100
00010111
00001011
00000111
01101111
00100000
10001001
11001111
01000100
11001001
01101100
11001101
01110010
01000000
10010111
00100110
11010011
00001000
00010101
01111001
01110110
11000001
11010010
11110100
11101001
01000111
11001001
01010001
00010100
00100000
00001010
00100110
10110011
10111100
01110111
00000111
11011110
11101101
01000100
10010011
01110101
11001110
11000000
00001001
00011001
01011001
11001000
00001111
10111110
11000110
00110000
00000110
11000011
00111000
00111111
10010110
10100111
11000011
00000101
01111111
10101010
01100101
01101110
11010101
10111101
01110101
00101001
01010000
11111101
11001000
00110011
10101010
01001111
00111000
01111001
10111010
01101010
01010111
11100000
00010110
10001110
01101010
10110001
00110100
11011010
10100111
11000010
11100010
00100010
00110110
10101111
11000001
11010010
10110100
11011110
10001000
11010011
11100001
01010111
01001101
10110100
01101011
11100001
11000110
10000000
00011111
00111000
01101000
11010110
10000010
10011010
00000000
00100000
11000000
00001011
10001010
11010111
11001111
01110110
11110111
00111010
11001100
10101100
00101010
10001100
10001100
00010111
10011101
00110000
10110101
10111011
00101111
00011110
00100111
01010110
01110001
01011100
01101100
01101111
10101101
01011100
00011110
00000100
11000111
01110101
11101011
11100101
11001101
01001001
10000101
11100011
11000101
11001110
11010110
11101111
00010010
01011100
10101010
11111001
00010001
01100010
01111110
01010101
01101010
11011100
11100001
11101000
11101110
01111100
00010110
01011100
10100001
11110000
00111101
01000001
01111101
11011111
01101001
11100100
11011110
11011010
10111011
10100010
10100001
01110101
00010100
01101000
00000001
00000011
10101000
10111010
01000011
10100101
10110100
11000001
11001111
00001101
00010111
00011011
01100010
11011111
11110110
11101011
11011011
10000110
11100010
00100100
01110011
10010011
00101101
00010011
11101011
11110110
10010111
00111000
11000101
01001101
10011110
00110110
00010111
01010000
11011111
10011011
00110111
01111101
11101101
00111010
00111110
01010010
00011010
01000111
01011100
00110110
01111100
11000110
01101001
10110111
01011110
11001101
10011000
00110101
10101010
01110010
00010001
00110101
00011010
01011010
11011101
10111111
11011100
11110001
00100111
00100111
11110001
11110010
00101101
10000010
01010010
11111100
10111011
01010110
11001111
10010011
11100100
00101011
01010011
11110000
10111001
01110010
01010101
10000111
01110000
10001010
10110111
00111100
10000110
10000101
10000000
00000110
10000110
10011011
00001101
00010111
11111101
00010100
10001111
10100110
10111001
00101100
01010001
01101010
01011101
00000101
11101000
01111010
10111011
01011101
11000110
11011110
11001001
00001110
00011001
00010010
11111000
10101111
11101000
00001100
00100111
10001100
11011011
11000101
01011001
01100111
10011111
11010011
01000001
00010001
11001001
00010111
11110011
01100011
10100110
00111110
11101010
00001010
10011111
10000110
11100100
01111010
01000011
00101001
11011101
10110100
11101001
10100101
00001001
10100001
11110001
00100101
00101011
10000001
10110101
11110010
00000000
00111000
01111001
01100101
01100001
10000101
01000010
11000100
01100001
00010100
10100111
10010000
01110110
01111011
11011001
11000101
01011010
11111001
00000000
00111001
00000010
01100110
01011111
10100000
01101001
01110001
11110101
10100000
01011110
01100110
11101001
00101000
00111010
01000000
11110010
11001101
10011001
11011010
10011110
01001100
11000001
10111010
01111101
11011111
00011011
01001110
00100100
01100001
00000000
11100011
11000101
00101100
11010111
01110110
11110000
00101010
01011001
11101100
01000110
11100100
01111000
